9.999852022999999 0.0
10.233567302 0.0
10.472751992 0.0
10.717514937 0.0
10.967992191999999 0.0
11.224347023 0.0
11.486688274 0.0
11.755151999999999 0.0
12.029874256 0.3215126134277092
12.311045519 0.28835894257745187
12.598774633 0.2575647006614124
12.893224864 0.22847128957734555
13.194559477999999 0.20750100561057155
13.502941740999999 0.2942861713010953
13.818534919 0.2604769446020279
14.141502277999999 0.23709797806176514
14.472007084 0.21556041906025955
14.810239814000001 0.1946723545113018
15.156390945 0.1806862362774944
15.510623742999998 0.16539362568490734
15.873128685000001 0.1533278641828294
16.244123458999997 0.1444260467955185
16.623771331 0.13514597655782015
17.012289989 0.12809871456994776
17.409897121 0.12333328001152866
17.816810415 0.11789920891943033
18.233220348 0.11565800999082106
18.659371819 0.11412282216533425
19.095455304999998 0.11240966109491167
19.541770127 0.11300905897788227
19.998479551 0.11388498470621895
20.465882897999997 0.11484966261313881
20.944225066999998 0.11758811538360667
21.433723746 0.12065699927746756
21.934651045 0.12362543042915178
22.447306285 0.1282438659381514
22.971961575999998 0.1319826676801682
23.508834605999997 0.13589875698995058
24.058279117999998 0.1401604506971233
24.620567222 0.14276180355104168
25.195998238999998 0.14499732821058658
25.78487149 0.14657224997262355
26.387513506999998 0.14587550337801633
27.004250822 0.14433163821382394
27.6354916 0.1588718433825091
28.281208630000002 0.15192210090993588
28.942163819999998 0.14547797837819243
29.618629279999997 0.13826927680755716
30.31087712 0.1301436247224206
31.01945156 0.12255194449412783
31.7443526 0.11475213864557864
32.48612446 0.10701368367393825
33.24558347 0.10073376280981455
34.02245752 0.09443088068773546
34.817562939999995 0.08902641629494058
35.63144395 0.0850233876550355
36.46410055 0.08093744465309577
37.316349069999994 0.0781043976775076
38.18846162 0.07503035196728891
39.081254529999995 0.07139722182241555
39.994455689999995 0.06779949305295382
40.92915354 0.0631359690959891
41.885892299999995 0.0575696311523367
42.864671969999996 0.052681099834186
43.866580989999996 0.04766970630782328
44.89189147 0.04232403149718732
45.94114763 0.03826305991022974
47.014893689999994 0.033962315584800895
48.11367387 0.030239435996372778
49.23803239 0.027189273556271445
50.38878558 0.024136894713666843
51.56647766 0.021573028914596705
52.77192496 0.0194109333466939
54.00512748 0.017164812685871896
55.26744577 0.015586153187033942
56.55915193999999 0.014107903550956846
57.88106232 0.01256649244766859
59.23372112999999 0.011477988488162144
60.61821681 0.010438606875794683
62.03482147 0.00940560987343881
63.484623549999995 0.00865584480511068
64.96843937999999 0.007914625850165835
66.48681318 0.0072250280348159215
68.04083339 0.006685836364194566
69.63104423 0.006165734910829534
71.25853414 0.00569028344281308
72.92384734 0.030323019626486696
74.62834437999999 0.04675467382650625
76.37256948 0.058988989183158896
78.15733897 0.09512805514304551
79.9840134 0.09389664083367537
81.85340910000001 0.06921111107653298
83.76661451 0.051346443758798904
85.72444596 0.04219818438271989
87.72799189 0.03728138692486594
89.77834073999999 0.03365187023425852
91.87658095 0.030604647963024232
94.02380096 0.028438859034879426
96.22136132 0.026371170336973962
98.47007835999999 0.0245632024013714
100.77158474 0.0230118593682673
103.1269689 0.021589058146048414
105.53704717 0.020254908314825806
108.00372432 0.019009080395012284
110.52781668 0.017787826011693108
113.11122901999998 0.01672866415737114
115.75477766999998 0.01570317921420941
118.46009529 0.01461315487734155
121.22881454 0.013775759894941246
124.06202386 0.012909535109748417
126.96162801999999 0.011984849536819895
129.92898757 0.011248975303500922
132.96573517 0.010474441394763612
136.07323137 0.009726535211793745
139.25365304999997 0.009069046533847666
142.50836076 0.00839719381734791
145.83898716 0.007810452326937063
149.24743702 0.007253948559503907
152.73561511 0.006653509985476084
156.3054262 0.006202375703788778
159.95850295 0.005739071330268393
163.69702224 0.007772134273071546
167.52288883999998 0.007982705271298579
171.43827962999998 0.007119121367380494
175.44509938 0.006163312278884482
179.54552497 0.006824664041550048
183.74173328 0.006365407187350807
188.0361733 0.0056512243665005815
192.43074979999997 0.005191173782269825
196.92845599 0.00475594889558366
201.53092453 0.004400214071866159
206.24114862999997 0.0040773048439196715
211.06130517 0.003734273550483262
215.99411525 0.003484881369135012
221.04229997 0.0032406001437682453
226.20858042999996 0.002984580881314421
231.49540561999999 0.0032733704255988316
236.90576875 0.0032434177547027987
242.44266302999998 0.0028318556607770267
248.10908166999997 0.002613922048626579
253.90774577 0.002425591359959856
259.84219276 0.0022509633494684155
265.91514373999996 0.002109379594067531
272.1290477 0.0019602008127812026
278.4909795 0.0018506889796005015
284.99985069999997 0.001743366267744536
291.6611035 0.0016312886553896608
298.47745899999995 0.0015477392780841603
305.4516383 0.0014688209076403399
312.5918047 0.0013895328126871992
319.89795819999995 0.0013256431188177326
327.3728199 0.0012661852175599741
335.02455309999993 0.0012080679597020942
342.8558789 0.0011621898077603502
350.86951839999995 0.001115350252769284
359.0681927 0.0010747399121986373
367.46006509999995 0.0010410451784997332
376.04785669999995 0.0010031279386882714
384.83700969999995 0.0009752069579398681
393.83296629999995 0.0009471586624218848
403.0357265 0.0009196215277031502
412.45617469999996 0.0008968012271708308
422.097032 0.000874571203104355
431.96101949999996 0.0008524986240991336
442.05630049999996 0.0008352057380667249
452.38831719999996 0.0008171695899863286
462.96251179999996 0.000801707780619276
473.7816054 0.0007887923182075331
484.8564824 0.0007756043038723795
496.18714279999995 0.000766188851516637
507.784471 0.0007567915833787995
519.6511881 0.0007470422983774489
531.7981785000001 0.0007389244846068193
544.2254422 0.0007321282071177942
556.9465847 0.0007252659761593977
569.9643271 0.0007189333617106167
583.2841116 0.0007119554569517928
596.9168225999999 0.0007050865260164726
610.8679023 0.0006979609878031211
625.1455139999999 0.000689917866880831
639.7550999 0.0006823236796589383
654.7075444 0.0006763996883796587
670.0082896999999 0.0006705086890794642
685.6682202 0.0006651803408956151
701.6927780999999 0.000679875974130155
718.0928478 0.0006749868652050953
734.8765926 0.0006664766089217417
752.0521757999999 0.00065878979475219
769.6277607 0.0006547324547053041
787.6169527999999 0.000651067230636449
806.0251943 0.0006470578460270877
824.8633695999999 0.0006426047114491839
844.1423630999999 0.0006366638808813632
863.8703380999999 0.000627955925095922
884.0609000999999 0.0006220387402068569
904.7222123999999 0.0006159118364455545
925.8678805 0.0006100400637607303
947.5060677 0.0006043834878853666
969.6531005999999 0.0006190851202817501
992.3144213999999 0.0006025734124229203
1015.5063566999999 0.000595072808974889
1039.2397909 0.0005932504193712119
1063.5310506 0.0005838192061390673
1088.385578 0.000575091832375739
1113.8251418999998 0.000565854829725409
1139.8551845 0.0005571499895828503
1166.4974746 0.0005500485490433194
1193.7601754999998 0.0005531618154807403
1221.6596138 0.0005449886121226601
1250.2121160999998 0.0005368200860009623
1279.4312879 0.0005284086481193866
1309.3334558 0.0005217306552872451
1339.9349464 0.0005148978878311215
1371.2520863 0.0005063460817662708
1403.3012021 0.0004968914962064031
1436.0986204 0.0004876188828364698
1469.6633889 0.00047833622446149805
1504.0118341999998 0.00046928061007829705
1539.163004 0.00046059432263953655
1575.135946 0.00045282298983892363
1611.9497079 0.0004461646071194176
1649.6233373999999 0.0004384150507524467
1688.1786032999998 0.0004298113398226608
1727.6345532999999 0.00042043741983740016
1768.0129561999997 0.00041075848875511765
1809.3355808 0.00040043466106574356
1851.6214748 0.00038996444399145273
1894.8978492 0.0003806625051270512
1939.1837517000001 0.0003714623708397993
1984.5063933 0.0003624672806047488
2030.8875428 0.00035440944082236735
2078.3544112 0.0003461354060661255
2126.9287673 0.0003377829486367799
2176.6405432 0.0003288387620874683
2227.5115076999996 0.000319796494199191
2279.5715929 0.0003096660641643685
2332.8507308999997 0.0002993933333866563
2387.3734116 0.00028991044996040964
2443.1695671 0.0002805511208025067
2500.2718506 0.00027201758222196996
2558.7074731 0.00026404948077178895
2618.5090877999996 0.00025506559100213705
2679.7093478999996 0.0002455377289039003
2742.32458 0.0002361368283171352
2806.4336959999996 0.00022697038870870585
2872.012206 0.00021815207883054812
2939.141743 0.00020935551843017617
3007.8495179999995 0.00020066119154722392
3078.135531 0.00019133903183130293
3150.0814149999997 0.00018331369363699707
3223.714381 0.00017456484888539998
3299.034429 0.00016624774033386912
3376.1504029999996 0.00015716487222380967
3455.0623029999997 0.00014768488761518185
3535.7973399999996 0.00013865180342488605
3618.437147 0.00013097968439980943
3703.008935 0.0001238674979242819
3789.5671259999995 0.00011702087227975361
3878.1389309999995 0.00011073525420304166
3968.7787719999997 0.0001035529888291613
4061.5410709999996 9.752895296817486e-05
4156.453039 9.140986778030763e-05
4253.596309 8.525615410267837e-05
4352.998092 7.99892063635768e-05
4454.7400210000005 7.423659190843624e-05
4558.876518 6.802020293002709e-05
4665.407583 6.25366747754321e-05
4774.44206 5.701764706705813e-05
4886.034371 5.170419817578362e-05
5000.238938 4.65791367469599e-05
5117.110183 4.276626839249556e-05
5236.702528 3.845522008378482e-05
5359.097605999999 3.456259297724507e-05
5484.3498389999995 3.128806742484547e-05
5612.5136489999995 2.7964110060205113e-05
5743.69788 2.5011159668203746e-05
5877.929743 2.2162745875858424e-05
6015.318082 1.9656520005989653e-05
6155.890108 1.7248164956043086e-05
6299.781875999999 1.5020046774123791e-05
6447.020597 1.2994132163911837e-05
6597.687903999999 1.1157176626010738e-05
6751.8926409999995 9.354960220571665e-06
6909.68923 7.968731471726618e-06
7071.186514999999 6.739619183073428e-06
7236.438917999999 5.6901320255373115e-06
7405.582493999999 4.560299549376314e-06
7578.671664999999 3.646519252627726e-06
7755.788063999999 2.873375018458537e-06
7937.067745999999 2.3212353404466305e-06
8122.565132999999 1.8037475567029265e-06
8312.389068999999 1.4777457221603017e-06
8506.675609 1.1444892415060211e-06
8705.479175 9.122913040629706e-07
8908.963033 6.489633469585243e-07
9117.181605 5.055527162202219e-07
9330.243735 3.2442467323691633e-07
9548.312689 2.4280330882502964e-07
9771.4701 1.5664846835248441e-07
9999.852023 1.0780510466789957e-07
