10.0 0.0
10.15521127634568 0.0
10.312831606721847 0.0
10.472898382363585 0.0
10.635449574860111 0.0
10.800523745162529 0.0
10.968160052731381 0.0
11.138398264826195 0.0
11.311278765939216 0.0
11.486842567375538 0.0
11.665131316981963 0.0
11.846187309026838 0.0
12.030053494233245 0.0
12.21677348996792 0.007021891681564836
12.40639159058832 0.014854285394174193
12.598952777950274 0.020671947330159965
12.794502732078737 0.03166918317890144
12.993087842004162 0.041434916095752075
13.194755216767064 0.049923430833256954
13.399552696593389 0.06223714816875897
13.607528864243337 0.07458123856252007
13.818733056536328 0.08687315232951198
14.033215376054851 0.10189295778190499
14.251026703029982 0.12005554289710198
14.472218707411347 0.1322658208196642
14.696843861124464 0.1506474396766778
14.924955450518297 0.1666341568093884
15.156607589006033 0.18218218294069924
15.39185522990206 0.19827037255387583
15.630754179458163 0.2185323611225184
15.873361110102092 0.23319395689837033
16.119733573881575 0.25261454965825836
16.369930016117024 0.2705146888306252
16.624009789266122 0.28571955538014254
16.882033167003634 0.30226359178905177
17.144061358519707 0.32197308901685184
17.41015652304016 0.3372916115423296
17.680381784572074 0.35671241358188316
17.95480124687831 0.3752655948493994
18.233480008684413 0.39149917709784837
18.516484179121548 0.40850389214071287
18.803880893409154 0.4269000319322078
19.095738328780975 0.4402339965068675
19.3921257206583 0.459115835937033
19.693113379074227 0.47827544301987657
19.99877270535286 0.49464990140398657
20.309176209047358 0.5119996553349164
20.624397525140918 0.5301744048371395
20.9445114315147 0.5401931457032504
21.269593866686908 0.5589324819218577
21.599721947827184 0.5767742506130553
21.93497398905059 0.5935025319721242
22.275429519995576 0.6088922425597593
22.621169304690252 0.6241783341752526
22.972275360711524 0.6359541917910005
23.328830978641573 0.6541410675097236
23.690920741826336 0.6691407155859016
24.058630546440657 0.6842726540654562
24.432047621864886 0.6989824534937202
24.811260551377696 0.711515707045254
25.196359293170154 0.7222757665155056
25.58743520168588 0.7382707423179665
25.984581049292487 0.7518114614012876
26.387891048289337 0.7625007131243458
26.797460873256913 0.774456115389303
27.21338768375308 0.785236586292885
27.635770147361594 0.7934316060916087
28.064708463098377 0.8063233209609018
28.50030438518107 0.8185748128713239
28.94266124716751 0.8263229286714174
29.391883986468862 0.8371125593637128
29.848079169243267 0.845554225716809
30.311355015675783 0.8522436963962896
30.781821425650797 0.8621975501135279
31.259590004822805 0.869828982047781
31.74477409109193 0.8762842535759637
32.23748878149029 0.8832520694765719
32.73785095948576 0.8872081288196485
33.24597932270941 0.8928664744317505
33.7619944111134 0.8997447856666916
34.28601863556586 0.9046062206362527
34.81817630688966 0.9083975321904981
35.35859366535178 0.9121483937477604
35.90739891061054 0.9129731252644692
36.46472223212748 0.9168280632774846
37.0306958400514 0.9208948182001767
37.60545399658171 0.9237221124416736
38.18913304781853 0.9254802801715968
38.781871456107226 0.9273357737200933
39.38380983288488 0.9272423554364434
39.99509097203666 0.9280029102706931
40.615859883769794 0.9297422300798388
41.24626382901352 0.931401658510909
41.88645235435271 0.9303436531568055
42.53657732750387 0.9304680539558469
43.196792973341736 0.9288322495797815
43.86725591048499 0.9285697089892977
44.54812518844989 0.9274712107065809
45.23956232538053 0.9274076069243852
45.94173134636477 0.9246313617256264
46.65479882234473 0.9215570705619428
47.378933909631435 0.9186613324428837
48.1143083900326 0.9156573703625434
48.86109671160326 0.9130451709165981
49.619476030029034 0.9102598680109505
50.3896262506515 0.9059619026805255
51.17173007114605 0.900772928696739
51.965973024861974 0.8972322441340561
52.77254352483538 0.8930056956741212
53.591632908485145 0.8890797177931195
54.42343548300266 0.884406588872697
55.268148571446034 0.8782633616084453
56.125972559549716 0.8731738096142545
56.99711094326076 0.8682767000770688
57.88177037701275 0.8625394417266015
58.78016072274912 0.8569348549790948
59.69249509970735 0.8512771991149238
60.618989934975744 0.8443908397324297
61.5598650148351 0.8388309240083246
62.515343536897134 0.8328593993149654
63.485652163052194 0.8262697884839966
64.47102107323872 0.8200115350687408
65.47168402004738 0.8137436505756753
66.48787838417265 0.806317361938571
67.51984523072502 0.8002080900314659
68.5678293664174 0.7936283414030585
69.63207939763885 0.7866710619348444
70.71284778942999 0.7798185988079801
71.81039092537351 0.7727192804112117
72.92496916841446 0.7655603416897
74.05684692262437 0.7589977640232932
75.20629269592409 0.7522522944571342
76.3735791637802 0.7453908118412367
77.55898323389005 0.7389022812129659
78.76278611187057 0.733048269749169
79.9852733679671 0.7269900801596099
81.22673500479715 0.7225872659417982
82.48746552614583 0.7179839998130486
83.76776400682918 0.7123797202937172
85.06793416364155 0.7072054348406012
86.38828442740447 0.7021956735587473
87.7291280161336 0.6963925385596171
89.09078300934138 0.6912746740016208
90.47357242349298 0.6856976313631957
91.87782428863336 0.6799683623684147
93.30387172620365 0.6744149736878501
94.75205302806543 0.6688704911175095
96.22271173675139 0.662986818907734
97.71619672696177 0.6573949268130663
99.2328622883255 0.6514986684848391
100.77306820944612 0.645847703169898
102.33717986325198 0.6399883431908396
103.92556829367126 0.6341444059840472
105.53861030365235 0.6282572133454869
107.17668854455029 0.6224536919806043
108.8401916069006 0.6166018277151305
110.52951411260217 0.6103174744280582
112.24505680853065 0.6046707006453663
113.9872266616052 0.598783706753916
115.75643695533041 0.5928435923140047
117.55310738783693 0.5872155665515224
119.37766417144364 0.581408782397905
121.23054013376522 0.5754854478226318
123.11217482038901 0.5697742233155417
125.02301459914554 0.5633629954100007
126.96351276599734 0.5575367995464334
128.9341296525715 0.5519668762709017
130.93533273536104 0.5464261566719288
132.9675967466212 0.5407502329731237
135.0314037869873 0.5349059862138121
137.12724343984004 0.5286316932734973
139.25561288744626 0.5230678264742538
141.41701702890234 0.5177521582591044
143.6119685999078 0.5123103241930025
145.84098829439856 0.5063737664881947
148.10460488806748 0.5007914011007146
150.40335536380246 0.49519495514131945
152.73778503907133 0.48953347758280547
155.10844769528399 0.48422380281965444
157.5159057091622 0.47886327180879573
159.9607301861488 0.4733416570178654
162.44350109588672 0.4680162743230981
164.96480740980206 0.46247999113750404
167.52524724082156 0.45730595271146474
170.12542798525894 0.452203016613048
172.76596646690365 0.4472713463098922
175.44748908334597 0.44210382017602956
178.17063195457305 0.43706766369136596
180.93604107387165 0.43214117546483966
183.74437246107266 0.42721384197582607
186.59629231817462 0.4224246077191423
189.49247718738218 0.4176940559014733
192.43361411159802 0.41292945373406903
195.42040079740536 0.40808010133873623
198.45354578058033 0.4034378066972467
201.53376859417332 0.3987776122456182
204.661799939199 0.3941844404948698
207.83838185797575 0.3896431050544085
211.06426791015548 0.3849760708210817
214.34022335148566 0.3805504632785985
217.6670253153459 0.3761366030349192
221.04546299710216 0.3716671757938094
224.4763378413224 0.3671474332912654
227.96046373189796 0.36294895203659405
231.49866718511612 0.35849173163424164
235.09178754572866 0.3542823656422898
238.74067718606472 0.35016738262579067
242.44620170823282 0.3460149931430751
246.20924014946254 0.3419023816056052
250.0306851906324 0.33790432439865914
253.9114433680347 0.3336315325995741
257.8524352884274 0.32973710822540553
261.8545958474233 0.3258171593615179
265.91887445126935 0.3218988028021992
270.0462352420682 0.3180860625439761
274.23765732649497 0.31405136179153403
278.4941350080644 0.310250142680106
282.81667802300325 0.3065221749999612
287.2063117797828 0.3028618948761444
291.6640776023704 0.2992205454991563
296.19103297725536 0.2954290133948502
300.7882518043099 0.29182837240406184
305.45682465154323 0.28822120138783414
310.1978590138097 0.2847462324477636
315.0124795755328 0.28120943341464816
319.9018284775064 0.2777048037506864
324.8670655878375 0.2743044113018868
329.90936877709396 0.27095419370912
335.029934197723 0.2675559973517355
340.22997656780683 0.2641880725793448
345.51072945922186 0.2609511932009728
350.87344559027133 0.2577459473262081
356.3193971228586 0.25440505190740653
361.8498759642749 0.2512853636816459
367.466194073669 0.2481223803977743
373.1696837732754 0.24503494127350453
378.9616980644718 0.24195391804915006
384.8436109487431 0.2388867860668041
390.81681775362665 0.2358251896382887
396.8827354637164 0.23287125948236426
403.04280305680527 0.22995664413581712
409.29848184524405 0.22708464387805247
415.651255822599 0.22420484428479925
422.1026320156901 0.2212886930727309
428.6541408420928 0.21849219008113227
435.307336473189 0.21570350940458308
442.06379720285327 0.21296109501476068
448.9251258218606 0.21030437553735065
455.8929499981062 0.20753277916206225
462.9689226627266 0.2049019303998412
470.1547224022132 0.2023123636326799
477.4520538566129 0.19972491133357342
484.86264812390806 0.19712984269483388
492.3882631706739 0.19457261929458064
500.03068424910924 0.1920652973264516
507.79172432054014 0.18960454525570355
515.6732244854966 0.1872123363779652
523.6770544204653 0.1847086801277113
531.80511282142 0.18235612003650128
540.0593278542372 0.18001163111410462
548.4416576121018 0.17768994896370924
556.9540905800134 0.17537086206542124
565.5986461065005 0.1730736936677316
574.3773748826584 0.17079737890778005
583.2923594286203 0.1685546940464819
592.3457145875803 0.16636586440956197
601.5395880274835 0.16421298494660677
610.8761607505037 0.16209102592671235
620.3576476104272 0.15991028033511873
629.986297838069 0.1578416744510389
639.7643955748428 0.15578549901631425
649.6942604146121 0.15375469840929937
659.7782479539536 0.15170592239712122
670.0187503509587 0.14970597903797364
680.4181968927097 0.14772880005415734
690.9790545715641 0.14576909142476452
701.7038286703827 0.14383822667977447
712.5950633568407 0.1419263139787118
723.6553422869654 0.14006039189487024
734.8872892180385 0.13821087903822124
746.2935686310134 0.13635242472309064
757.8768863625927 0.13456173887357376
769.639990247116 0.13280336771389298
781.5856707684092 0.13106911644967428
793.7167617217551 0.1293401544915715
806.0361408861346 0.12759158412249857
818.546730706903 0.125902391113948
831.2514989890633 0.12422630807019244
844.1534596012986 0.12257312106997062
857.2556731909325 0.12092679593758542
870.5612479099866 0.11931932599840182
884.0733401525064 0.11771410646202543
897.7951553033323 0.11614358403195352
911.7299484984923 0.11459259880585898
925.8810253973954 0.11304517247055061
940.2517429670132 0.1115323596558333
954.8455102782294 0.11005370002734767
969.665789314552 0.10860510387698386
984.7160957933776 0.10711426174286105
1000.0000000000001 0.1057084526503885
