0.9999852022999999 0.0
1.0271254537 0.0
1.0550004021000001 0.0
1.0836318162999998 0.0
1.113038744 0.0
1.1432456751 0.0
1.1742716572999998 0.0
1.2061411804999997 0.0
1.2388732923999999 0.0
1.272495204 0.0
1.3070286841 0.0
1.3425009437 0.0
1.3789364726999997 0.0
1.4163570398999998 0.0
1.4547952985 0.0
1.4942784594999998 0.0
1.5348310127999998 0.0
1.5764856116 0.0
1.6192694669 0.0
1.6632125107999998 0.0
1.7083501176 0.0
1.7547149405 0.0
1.8023341904999999 0.0
1.8512486841 0.0
1.9014883533999998 0.0
1.9530940149 0.0
2.0060983218 0.0
2.0605420906 0.0
2.1164634167 0.0
2.1739003955 0.0
2.2328992857 0.0
2.2934954616 0.0
2.3557379029999996 0.0
2.4196701474999998 0.0
2.4853384538 0.0
2.5527890805999998 0.0
2.6220682866 0.0
2.6932277727 0.0
2.766324682 0.0
2.841399831 0.0
2.9185158049999997 0.0
2.997699815 0.0
3.079060705 0.0
3.1626256859999997 0.0
3.2484491799999997 0.0
3.33661282 0.0
3.427171028 0.0
3.520178226 0.0
3.615716047 0.0
3.7138389129999996 0.0
3.814628457 0.0
3.918166312 0.0
4.024479689 0.0
4.133704643 0.0
4.2458955959999995 0.0
4.36110697 0.0
4.479474819999999 0.0
4.601053567999999 0.0
4.725924847 0.0
4.85417029 0.0
4.985898741 0.0
5.121219044 0.0
5.260212832 0.0
5.402961738 0.0
5.549574605999999 0.0
5.700187490999999 0.0
5.854882025999999 0.0
6.013794266 0.0
6.177005844 0.0
6.344625604 0.0
6.516816812 0.0
6.693688311999999 0.0
6.875348948 0.0
7.061934775 0.0
7.2535818480000005 0.0
7.450426221999999 0.0
7.652631163 0.0
7.860305514999999 0.0
8.073639755 0.0
8.292742727 0.0
8.517804907999999 0.0
8.748962353 0.0
8.986405539 0.0
9.230270521 0.0
9.480774986999998 0.0
9.738082203 0.0
10.002355435 0.0
10.273812370999998 0.0
10.552616277 0.0
10.839012052 0.0
11.133162962 0.0
11.435313906 0.0
11.745655360999999 0.0
12.064432226 0.0
12.391834978 0.010901143000258786
12.728135726999998 0.02491458097239112
13.073552161 0.04250351765724123
13.42835639 0.06139054683610854
13.792793312999999 0.08279648243404068
14.167107828999999 0.11144320225189036
14.551599259000001 0.13800073444840802
14.946512502000001 0.16710261440363447
15.352146879000001 0.19581084705655113
15.7687745 0.22757670258571863
16.196721896999996 0.2570630385525678
16.636288390999997 0.2891549926732674
17.087773303 0.31963870367347313
17.551530376 0.34767832391773623
18.027858931 0.38217390200214163
18.517112711 0.4108570836106882
19.019645458999996 0.4399191980181155
19.535810918 0.47022221524422836
20.065990042 0.4978764018003852
20.610563784999997 0.5288695184379798
21.169913101 0.5573021861924928
21.744446155 0.583722905630271
22.334543901 0.6122745079808004
22.940696137 0.6394439613795817
23.563283817 0.6666635644854422
24.202769527999997 0.6914809303836246
24.859588646 0.7145073205416547
25.53425818 0.7392322678239117
26.227213506 0.7608862889103224
26.938998843999997 0.7815538953229942
27.670049569999996 0.7989725258786676
28.42107317 0.8153044072871536
29.19223291 0.8348171349657981
29.98461723 0.8522383530501753
30.798226129999996 0.8654721606313737
31.634148049999997 0.8768390061575105
32.49265509999999 0.8890084298462939
33.374563609999996 0.8989946688400747
34.28014569 0.9069174535021552
35.210489779999996 0.9104026264442088
36.1661401 0.9188327351237193
37.14764087 0.9237097136544502
38.15580842 0.9275378426570033
39.19118697 0.9293224368413057
40.25486496 0.931545140719085
41.347386609999994 0.9344328466350676
42.46956825 0.9344315011563928
43.62222621 0.9325671159054699
44.80590470999999 0.9306944314942508
46.0219643 0.9279709233444019
47.2709492 0.9254876872456964
48.553675739999996 0.9202109933885827
49.87150447 0.9149294842921113
51.22497960999999 0.9096849388795422
52.615189599999994 0.9034494420484245
54.04295077 0.8966372008104788
55.50962366999999 0.8907904053725347
57.01629674 0.8840268871053979
58.5635142 0.8761984405179695
60.15290871 0.8678866639478482
61.785296599999995 0.858827700758275
63.46203842 0.8499620133075202
65.18449471999999 0.8409243555331652
66.95348182999999 0.8324140123921455
68.77063240999999 0.8230797151738075
70.63676278999999 0.8134306869579939
72.55377774 0.8036588919692117
74.52303781 0.7939280846601551
76.54535933 0.784193106184998
78.62264707 0.7751144142503069
80.75653369 0.768143637532016
82.94810763 0.7621982125422804
85.19927366 0.7549171629296301
87.51139232999999 0.7476291487712936
89.88636841 0.74020754755688
92.32583455999999 0.7322912105868169
94.83142344 0.7237035678387684
97.40503981999998 0.7158893374616111
100.04858846999998 0.7071672541466527
102.76370204999999 0.6989457399737973
105.55255743999999 0.6901204537094356
108.41733151999999 0.6809316577270541
111.35965695 0.6717937649387536
114.38171060999998 0.6630244641113179
117.48594148999999 0.6540279248140303
120.67425435999999 0.6445426870652039
123.94937031999999 0.6351596475280686
127.31319414000001 0.6258761602040422
130.76817481 0.6165032835791198
134.31730553999998 0.6073821052958237
137.9624911 0.5977484044553221
141.70645259 0.5888567773259712
145.55218322 0.5795781059136735
149.50240408999997 0.5702922440439692
153.5598363 0.5610534225133081
157.72720095 0.5514970740850299
162.00776335999998 0.5424716616668736
166.40451674 0.5335093046986397
170.9204543 0.5244285698891589
175.55911346999997 0.5156165640408329
180.32348746 0.5072922517804302
185.21738581 0.4989095115928445
190.24380173 0.49016719104920997
195.40681686999997 0.4821276174244984
200.70996866 0.4734169673413956
206.15706664 0.46547007926168066
211.75192035 0.4571764919171774
217.49861144 0.449018100376798
223.40122156 0.44096450768467343
229.46410446999997 0.4331308137359742
235.69161393000002 0.4254155653127074
242.08810369999998 0.41779094556309104
248.65792753999997 0.410525628435561
255.40625553999996 0.40279960108513485
262.33771356999995 0.39566816547034284
269.45719961 0.38794638534830883
276.7712443 0.3808945687314681
284.2814803 0.3736641772864995
291.9957988 0.36694472997453953
299.919642 0.35982265239908323
308.0611732 0.3530246662600119
316.42039239999997 0.34611198200455534
325.008184 0.33966885053295276
333.82726909999997 0.3330376424426405
342.8885321 0.32672957153287846
352.1946941 0.32067725037320216
361.7511973 0.3141571759902039
371.56892609999994 0.30816654549225053
381.6533227 0.3019358080029275
392.0098293 0.2960645488362845
402.6493303 0.29005231902453443
413.5772679 0.28447910077292476
424.8018054 0.27866611202422803
436.3311061 0.27322421267360353
448.17061219999994 0.2675066855546975
460.3339292 0.2623199183876567
472.82649929999997 0.25684279556485917
485.65920689999996 0.2518069180141243
498.84021529999995 0.2466932292220849
512.3776878 0.24161811216122264
526.2825088 0.23664305918351927
540.5655627 0.2319589806376708
555.2350128 0.22690286383939223
570.3044646 0.22239669268928655
585.7820813999999 0.2178224164815721
601.6787476 0.2131705103587638
618.0080687 0.20878528267766566
634.7809291 0.2045530094481897
652.0082132 0.2000939469418704
669.7008053999999 0.19600717038282123
687.8777534 0.19174709147115981
706.5444994 0.18777234360185707
725.7200911 0.18382888361860095
745.4154128999999 0.17991118625387406
765.6440703 0.17607076821839676
786.4251109999999 0.17233553334162033
807.7666983 0.16869250242581252
829.6878799 0.16509356899651317
852.2049824 0.16154586351022646
875.3343323999999 0.15816482236160773
899.0895354 0.15470829426716598
923.4896390999999 0.1514367170991121
948.5509700999999 0.14817230243311696
974.2952971999999 0.14492490924646273
1000.7362258999999 0.14184144258741374
1027.8928039 0.13871594823901812
1055.7895211 0.13574667538859547
1084.4427041 0.13288305948045426
1113.8741217 0.1299268230871843
1144.1028216 0.12714807639741366
1175.1532937 0.12436049437646321
1207.0445857 0.12163504672818726
1239.8039086 0.11901021267837074
1273.4503101 0.11642313496951749
1308.0082800999999 0.11385581727403299
1343.5077506999999 0.11139084441129182
1379.9677695999999 0.10897850315338392
1417.4182689 0.10653546855089473
1455.8864595999999 0.10426386868561255
1495.3968315999998 0.10187282333586316
1535.9820381 0.09970084527668978
1577.666569 0.09746415552631037
1620.4830775 0.09532928489216233
1664.4587745999997 0.0932293745770216
1709.6317556999998 0.09117174201356551
1756.0292318 0.0891272151008563
1803.6865772 0.08721109286409971
1852.6364451000002 0.08519494893582924
1902.9142097999998 0.08336034167169222
1954.5579667 0.0815267587321071
2007.6030901 0.07967561126388041
2062.0849543 0.07792784796920951
2118.0498179999995 0.07616969256037114
2175.5303344 0.0744757745619614
2234.5727622 0.07281913160307371
2295.2151968 0.07118771215838726
2357.5038968999997 0.06958347262936362
2421.4851212 0.06804915535981379
2487.2024073000002 0.06648365607099946
2554.7020139 0.0650222108161686
2624.0329208 0.06353212915866198
2695.2468289 0.0621202007757456
2768.392718 0.06071674808837062
2843.5222889999995 0.05935648228563153
2920.6926849999995 0.058000784209968195
2999.958328 0.05670918530200192
