10.0 0.0
10.313897683787216 0.0
10.637648543163133 0.0
10.971561867027267 0.0
11.315956652786069 0.0
11.671161911100679 0.0
12.037516980200689 0.0
12.415371850064115 0.0
12.80508749677333 0.0
13.20703622736631 0.0026593904678648716
13.621602035512725 0.0137780302518727
14.049180968354595 0.029875320083110377
14.490181504861987 0.050751749957385385
14.94502494606524 0.07495951588348154
15.414145817536447 0.10118993440584327
15.897992284504756 0.12944476698021448
16.397026580002066 0.15878253793028332
16.911725446448074 0.18850620161049056
17.44258059109661 0.21958718842203942
17.99009915577832 0.25079945445230345
18.55480420138844 0.2822072804887398
19.137235207582552 0.313818505702186
19.73794858815769 0.3454295073453737
20.357518222611073 0.3768655689518048
20.99653600438444 0.4082710400567549
21.65561240631756 0.43908600917024865
22.335377063851237 0.4696790417951874
23.036479376536942 0.49865903478084456
23.759589128427635 0.5276826577791855
24.505397127942572 0.5554942583376705
25.27461586781728 0.5823323517506054
26.067980205769228 0.6078913846657369
26.886248066529422 0.6306810024726045
27.730201165910636 0.6516878334027105
28.600645757603928 0.6709470002929441
29.498413403416983 0.690091709182957
30.424361767690023 0.7062378016791998
31.379375436648246 0.7213563170856394
32.36436676347358 0.7348639538668552
33.38027673990302 0.7460074223063003
34.428075895186204 0.7551832486815364
35.50876522326115 0.7682427024094239
36.62337713903372 0.7716992753624392
37.77297646467456 0.7786834514410361
38.9586614468756 0.7837412457782766
40.18156480603806 0.7864370248409095
41.44285481839419 0.7867461248689895
42.74373643209657 0.7901078825382262
44.085452418341205 0.7898066078827607
45.46928455862409 0.7888758308730148
46.89655486926549 0.7870224686640283
48.36862686437175 0.7830712641128357
49.88690685844119 0.7788007471905692
51.452845309858525 0.7748131807367251
53.06793820656117 0.773603278377976
54.73372849520144 0.7638378823764861
56.451807555169665 0.7563995480394634
58.22381671888661 0.7485560664982224
60.051448839817596 0.7403088550666168
61.93644990970611 0.730497678000086
63.88062072657208 0.7211623465084177
65.88581861506815 0.7118082275165873
67.95395920083762 0.6994928114813869
70.08701824056902 0.6888148045137549
72.28703350949571 0.6781482615867275
74.55610674814368 0.6676007069237223
76.89640567018715 0.6665838942488107
79.31016603333056 0.6497017631913579
81.79969377519477 0.6412023637119606
84.36736721624848 0.632089319512248
87.01563933188908 0.627529832703708
89.74704009584346 0.6146056978622858
92.56417889712782 0.6064279718930639
95.46974703287523 0.5972679166740308
98.46652027941234 0.5879047097620038
101.55736154404175 0.5779713413043747
104.74522360006338 0.5676165834719862
108.03315190764677 0.5584678107461375
111.42428752325105 0.5483578830916426
114.92187010036999 0.5384511215673125
118.52924098447014 0.5276959828569547
122.24984640507832 0.5176525553609493
126.08724076806803 0.5075282015171645
130.04509005128978 0.49740673403222524
134.12717530678978 0.4880556692129232
138.33739627296208 0.47324820994994987
142.6797751000858 0.4670543029222478
147.1584601928056 0.457177513432872
151.77773017322716 0.4475728108542124
156.54199796841286 0.436676187925373
161.45581502618364 0.42708541922931986
166.52387566325328 0.420655296151765
171.75102154984984 0.41036068968667083
177.14224633510847 0.3998939946674773
182.70270041765397 0.391862903512415
188.43769586593106 0.3827409649947489
194.35271149298265 0.37473241359739384
200.45339809052388 0.3660096451602758
206.7455838273131 0.3577547508227872
213.23527981697615 0.34971598916222585
219.9286858606029 0.33944469628571
226.83219636960388 0.3336536803684583
233.95240647448247 0.3258245963503992
241.296118325361 0.31805818121394763
248.8703475902787 0.310602959978333
256.6823301574695 0.3034801264500489
264.739529048023 0.2962965135584759
273.0496415455322 0.28919159810121436
281.6206065495395 0.28227541729733185
290.4606121598046 0.2754711083788306
299.5781034986426 0.2688364450922207
308.9817907788018 0.2639794970946365
318.68065762459105 0.2558710806650521
328.6839696542056 0.2493548535803195
339.00128333144994 0.2436928902035876
349.64245509531355 0.23740315901710318
360.61765077612296 0.23132801700100472
371.9373553072642 0.22570684916414213
383.6123827417535 0.22022854943272707
395.65388658322667 0.21522603067495885
408.07337044121516 0.20921674152526987
420.88269902088916 0.20396687314667872
434.0941094577661 0.19933121446146718
447.72022300821305 0.19467727827479694
461.7740571069104 0.18740441359454035
476.2690378027989 0.1843641835689605
491.21901258538537 0.17957489971450377
506.63826361366495 0.17477999645376688
522.5415213602956 0.17027432837359652
538.9439786840602 0.1660349017230579
555.8613053440595 0.16156520470578176
573.3096629695033 0.15734638499089057
591.305720499399 0.1533213314588697
609.8666701068883 0.14928908533512616
629.010243623446 0.14565423121622784
648.7547294786292 0.14155134805044564
669.1189901715636 0.13783090351457658
690.1224802908531 0.13453718607029697
711.7852651001319 0.13085135821823232
734.1280397070119 0.1272714880192905
757.17214883374 0.1239671643256145
780.9396072084501 0.12037567325763865
805.4531205964931 0.11769508820881697
830.7361074919356 0.11270815387559865
856.8127214899482 0.11129001927474196
883.7078743614597 0.10855674871917954
911.4472598521189 0.1054011646522782
940.0573782282975 0.1026866303840573
969.5655615935921 0.09984091241592978
1000.0000000000001 0.09715053773877283
