10.0 0.0
10.15521127634568 0.0
10.312831606721847 0.0
10.472898382363585 0.0
10.635449574860111 0.0
10.800523745162529 0.0
10.968160052731381 0.0
11.138398264826195 0.0
11.311278765939216 0.0
11.486842567375538 0.0
11.665131316981963 0.0
11.846187309026838 0.0
12.030053494233245 0.0
12.21677348996792 0.0
12.40639159058832 0.0007044391958588038
12.598952777950274 0.003469323193768025
12.794502732078737 0.008888471634205827
12.993087842004162 0.013908577883354983
13.194755216767064 0.022501203548889476
13.399552696593389 0.03138349237620223
13.607528864243337 0.03945828629573691
13.818733056536328 0.050079154621070474
14.033215376054851 0.06026268145396404
14.251026703029982 0.07350815908902071
14.472218707411347 0.08706845101426505
14.696843861124464 0.10209996171329931
14.924955450518297 0.11602584408889362
15.156607589006033 0.13195306258029355
15.39185522990206 0.1461536348344441
15.630754179458163 0.1646342442094692
15.873361110102092 0.18125404376558288
16.119733573881575 0.1988818190092436
16.369930016117024 0.2156188317360057
16.624009789266122 0.23231685179292294
16.882033167003634 0.24837207444026294
17.144061358519707 0.26684560891378417
17.41015652304016 0.2844453095873139
17.680381784572074 0.30258387989346086
17.95480124687831 0.3201066916841305
18.233480008684413 0.3381291539509476
18.516484179121548 0.3548391240560236
18.803880893409154 0.3728478259726563
19.095738328780975 0.38782820588508266
19.3921257206583 0.4058838618343388
19.693113379074227 0.4242556859510532
19.99877270535286 0.44227930033307405
20.309176209047358 0.4593533805868567
20.624397525140918 0.4766250667896468
20.9445114315147 0.48825415814829565
21.269593866686908 0.5062419799303494
21.599721947827184 0.523292417615533
21.93497398905059 0.541755714840846
22.275429519995576 0.5569117832345283
22.621169304690252 0.571430875252731
22.972275360711524 0.5848137347406652
23.328830978641573 0.6024175697704164
23.690920741826336 0.6163341008878673
24.058630546440657 0.6335995384066359
24.432047621864886 0.6479337006498628
24.811260551377696 0.6599206562852845
25.196359293170154 0.672411531520743
25.58743520168588 0.6882126092870644
25.984581049292487 0.7011247171501515
26.387891048289337 0.7142414207634316
26.797460873256913 0.7260646089742729
27.21338768375308 0.7372159274992935
27.635770147361594 0.7473607959142036
28.064708463098377 0.7591571343105079
28.50030438518107 0.7703082100800112
28.94266124716751 0.7804477378771135
29.391883986468862 0.7908568639607921
29.848079169243267 0.7991670335519466
30.311355015675783 0.8080858053168388
30.781821425650797 0.8178006921746233
31.259590004822805 0.8256040531924295
31.74477409109193 0.8347346311001224
32.23748878149029 0.8422076271475171
32.73785095948576 0.8470913613209289
33.24597932270941 0.8544333163673069
33.7619944111134 0.8615090951618178
34.28601863556586 0.866676171561207
34.81817630688966 0.8729529920118694
35.35859366535178 0.8773463835146835
35.90739891061054 0.8789025685015857
36.46472223212748 0.8842322817554094
37.0306958400514 0.8884570140068015
37.60545399658171 0.8913331938728709
38.18913304781853 0.8952740886792877
38.781871456107226 0.8975973903644976
39.38380983288488 0.8979792365983986
39.99509097203666 0.9000472455259371
40.615859883769794 0.9020003848840896
41.24626382901352 0.9038507921406546
41.88645235435271 0.9046602671580405
42.53657732750387 0.9051057448107451
43.196792973341736 0.9040544376467765
43.86725591048499 0.9049875067012747
44.54812518844989 0.9043377606147651
45.23956232538053 0.9045228899064282
45.94173134636477 0.9034145937049233
46.65479882234473 0.9007267830536072
47.378933909631435 0.8983785145045179
48.1143083900326 0.896442612102426
48.86109671160326 0.8941727110569708
49.619476030029034 0.8918175450943392
50.3896262506515 0.8888341220713959
51.17173007114605 0.8839844873235878
51.965973024861974 0.8808823723959128
52.77254352483538 0.8775270151002584
53.591632908485145 0.8739781040694472
54.42343548300266 0.8696283144634932
55.268148571446034 0.8644967735204837
56.125972559549716 0.8596665004568813
56.99711094326076 0.8551339333218412
57.88177037701275 0.8500522583917137
58.78016072274912 0.8447616426093588
59.69249509970735 0.8393126788129739
60.618989934975744 0.8332470459251222
61.5598650148351 0.8278977656196387
62.515343536897134 0.8221350282570165
63.485652163052194 0.8161372919688692
64.47102107323872 0.8101260886609855
65.47168402004738 0.8040391649155114
66.48787838417265 0.7972558051954151
67.51984523072502 0.7912707653508464
68.5678293664174 0.7848241550417284
69.63207939763885 0.7783591977444634
70.71284778942999 0.7717129195242604
71.81039092537351 0.7647128687924057
72.92496916841446 0.7581032528460986
74.05684692262437 0.7515161028795256
75.20629269592409 0.7446955746445361
76.3735791637802 0.7381411179855086
77.55898323389005 0.7311509192785751
78.76278611187057 0.724101102263481
79.9852733679671 0.7176442800649618
81.22673500479715 0.7114769057089169
82.48746552614583 0.7057556921233001
83.76776400682918 0.7004385778414655
85.06793416364155 0.6951825585976361
86.38828442740447 0.6900645544266119
87.7291280161336 0.6849284795035535
89.09078300934138 0.6799743567533124
90.47357242349298 0.6746068336857273
91.87782428863336 0.6695018026914337
93.30387172620365 0.6642729204398937
94.75205302806543 0.658920948462766
96.22271173675139 0.6536068385946262
97.71619672696177 0.6482174973853386
99.2328622883255 0.6424297626581663
100.77306820944612 0.6374210892888026
102.33717986325198 0.6318113521640586
103.92556829367126 0.6261595555208507
105.53861030365235 0.620747378048927
107.17668854455029 0.6150716473392795
108.8401916069006 0.6093258733499813
110.52951411260217 0.6035837431478384
112.24505680853065 0.5981048939271442
113.9872266616052 0.5923525308564603
115.75643695533041 0.5868202302648189
117.55310738783693 0.5812549785296548
119.37766417144364 0.5755470220393978
121.23054013376522 0.5700911247092197
123.11217482038901 0.5644589619908185
125.02301459914554 0.5582290777041321
126.96351276599734 0.5526971545376141
128.9341296525715 0.5471496671524795
130.93533273536104 0.5416938080792457
132.9675967466212 0.5363975999639806
135.0314037869873 0.5306397150002631
137.12724343984004 0.5244960686723606
139.25561288744626 0.519163813466514
141.41701702890234 0.5138826895016444
143.6119685999078 0.5084771568796652
145.84098829439856 0.5028551782963249
148.10460488806748 0.4973571525480567
150.40335536380246 0.4918453003594673
152.73778503907133 0.4863719425554546
155.10844769528399 0.48107993714626834
157.5159057091622 0.4757490203017269
159.9607301861488 0.47049139459996053
162.44350109588672 0.46522073227224503
164.96480740980206 0.45973692561967755
167.52524724082156 0.4546918366274607
170.12542798525894 0.44944073417357094
172.76596646690365 0.4443557547090531
175.44748908334597 0.43936127941827935
178.17063195457305 0.43428421391447747
180.93604107387165 0.42936300406596517
183.74437246107266 0.424541804299286
186.59629231817462 0.41967868936191866
189.49247718738218 0.41492169318467026
192.43361411159802 0.4103503925375355
195.42040079740536 0.40551249179261656
198.45354578058033 0.4009150825164104
201.53376859417332 0.3963763667385955
204.661799939199 0.39179040133528964
207.83838185797575 0.3872901514714149
211.06426791015548 0.3827863168382879
214.34022335148566 0.3783828872411736
217.6670253153459 0.37401443096888476
221.04546299710216 0.36964463037099266
224.4763378413224 0.3651581445339039
227.96046373189796 0.36099395721801764
231.49866718511612 0.35666367656982
235.09178754572866 0.3524679933226839
238.74067718606472 0.34834556467789723
242.44620170823282 0.34424732382637047
246.20924014946254 0.3401407261888228
250.0306851906324 0.3361659999571124
253.9114433680347 0.33198397347981684
257.8524352884274 0.32810776202060893
261.8545958474233 0.32420694059651406
265.91887445126935 0.32036469210959145
270.0462352420682 0.3165867810748697
274.23765732649497 0.31257421765309423
278.4941350080644 0.3088571772910373
282.81667802300325 0.3051453562803056
287.2063117797828 0.30150644720327824
291.6640776023704 0.29793853412079124
296.19103297725536 0.29417552844422906
300.7882518043099 0.29060416704936337
305.45682465154323 0.2870592945773356
310.1978590138097 0.2836046111680093
315.0124795755328 0.2800898579888828
319.9018284775064 0.276643614002315
324.8670655878375 0.27327116797608036
329.90936877709396 0.26993755033640654
335.029934197723 0.26659241351068724
340.22997656780683 0.26324305401207926
345.51072945922186 0.26002642994202013
350.87344559027133 0.2568703431888051
356.3193971228586 0.25355499297842776
361.8498759642749 0.2504500431496991
367.466194073669 0.24733281271449215
373.1696837732754 0.24426125738747115
378.9616980644718 0.24119105860726364
384.8436109487431 0.2381715609216262
390.81681775362665 0.23512531505677176
396.8827354637164 0.2321839743293079
403.04280305680527 0.22930786443003945
409.29848184524405 0.2264497157593548
415.651255822599 0.22357738873791944
422.1026320156901 0.22070365676424006
428.6541408420928 0.21791750576342347
435.307336473189 0.2151424794853248
442.06379720285327 0.21243380777204746
448.9251258218606 0.2097836348253577
455.8929499981062 0.20701961500208654
462.9689226627266 0.20442613706128487
470.1547224022132 0.2018449429611113
477.4520538566129 0.19926572006864948
484.86264812390806 0.1967014111166366
492.3882631706739 0.19414728061949552
500.03068424910924 0.19164553676585117
507.79172432054014 0.18921712288357512
515.6732244854966 0.18683304228450304
523.6770544204653 0.18433979317377666
531.80511282142 0.18200820710194515
540.0593278542372 0.17966580000359883
548.4416576121018 0.1773477304686044
556.9540905800134 0.17505734395109754
565.5986461065005 0.17276592895012632
574.3773748826584 0.1704978311701861
583.2923594286203 0.16827237467714934
592.3457145875803 0.16608538228503042
601.5395880274835 0.16393481902988455
610.8761607505037 0.16183634251890908
620.3576476104272 0.1596612463886988
629.986297838069 0.15759878937966196
639.7643955748428 0.15555708866600396
649.6942604146121 0.15352906213038545
659.7782479539536 0.15148246887445677
670.0187503509587 0.14950181549175032
680.4181968927097 0.1475275005509816
690.9790545715641 0.1455728762103305
701.7038286703827 0.14365351444105978
712.5950633568407 0.14174021873057555
723.6553422869654 0.13987105082929482
734.8872892180385 0.13803618109785284
746.2935686310134 0.1361772005903414
757.8768863625927 0.1343885405591052
769.639990247116 0.13263947902239115
781.5856707684092 0.130904695040645
793.7167617217551 0.12917600650277378
806.0361408861346 0.12744056726052505
818.546730706903 0.12575195578794485
831.2514989890633 0.12407817599084578
844.1534596012986 0.12243303986254683
857.2556731909325 0.12078821593998829
870.5612479099866 0.11918127698174179
884.0733401525064 0.1175865117669955
897.7951553033323 0.1160168416354849
911.7299484984923 0.114468176940854
925.8810253973954 0.11292725774540426
940.2517429670132 0.11141614992646169
954.8455102782294 0.10993915557276518
969.665789314552 0.10849838266580962
984.7160957933776 0.10700683349251022
1000.0000000000001 0.10560116916836278
